[ 3183.004653] [Project1] 2750 1588252494.737178854 1588252495.687358308
[ 3184.950639] [Project1] 2751 1588252496.665418318 1588252497.633348074
[ 3186.944512] [Project1] 2752 1588252498.631886502 1588252499.627226055
[ 3188.967412] [Project1] 2753 1588252500.645323931 1588252501.650130034
[ 3190.906710] [Project1] 2754 1588252502.604198305 1588252503.589432529
[ 3192.996884] [Project1] 2755 1588252504.678259442 1588252505.679610498
[ 3195.035120] [Project1] 2756 1588252506.709109304 1588252507.717850257
[ 3197.061963] [Project1] 2757 1588252508.744747369 1588252509.744696740
[ 3199.067324] [Project1] 2758 1588252510.788020236 1588252511.750063269
[ 3201.078576] [Project1] 2759 1588252512.780944782 1588252513.761318012
